19522606
8543842
18841565
19202907
19486315
14526422
14446002
19803048
18891496
18586464
19349292
1236941
19222580
1756901
17294162
17948482
17302182
18681143
19824852
18717312
19270819
19654515
18482464
1507602
18482044
18416576
18198655
9648092
18371060
10879562
18567483
12841492
16836262
19732950
18091172
18186461
1570188
18220797
12674332
1394700
1510597
1513152
1615511
18864918
19592140
1473559
2091941
1339228
18580943
18208468
19362492
18230273
6667882
12149362
19700975
19828960
12514242
18830741
756014
19101917
1602435
19051610
1780291
18534347
18579679
16344702
9313692
7649092
17784312
18827619
18867190
18495494
16195862
19181668
18281661
18280888
18818968
18491804
19150286
18750364
16833552
18509193
19251770
18845973
12850102
17828642
18739630
19675676
1483274
19720154
18952271
19414077
16857682
1685614
12912332
19209652
18722733
19116774
238139
18880343
18397104
19390715
19187910
19096042
19206887
16193962
18445266
18632948
8602172
19840869
13446862
19316892
1518515
3663072
1607315
18367634
19747511
18551872
15585112
14844722
19280769
1473321
969011
18913816
1472659
19475816
16661702
1472906
17300742
19771146
19137595
18935838
18934392
1473473
18463672
19690042
18790248
15744542
10292152
19691190
19012445
18476437
19100282
19594898
18703166
17767522
18766689
18798127
18125752
19000290
19644255
19254939
227015
18631024
19770625
18715220
19800661
18392865
19002142
19488844
18658238
19361841
19541680
18908557
19570798
18396692
18979738
17477292
18494859
19808814
19115818
8686422
19444145
17634272
17874392
19739874
19556639
18371400
13388682
18828001
19658566
18836122
18670661
18549174
18813268
18743852
18543264
6959092
18358383
18030092
19451096
18180783
3641852
19776416
19157101
19592824
11418222
19031662
16030512
19178913
19757915
19739633
14199032
19712122
19757680
1587441
12861842
18987044
19097008
18635454
19284450
16321612
18773730
19105176
12969182
19646104
19754184
18770783
18182500
19328270
18406035
18276995
18410153
19367671
10068002
18432608
19519486
18644204
18506249
17948652
19658134
1871811
12128422
18890140
19747060
18502663
19331385
18212032
19677110
18375911
19094031
19690952
19329353
19304036
1692636
19833072
18609289
19061088
19730806
19350608
19677126
19816443
18682486
1486800
18940123
18484484
19696683
2798602
375646
13116452
2771062
19061266
1597499
14644692
18870894
18886060
18383141
10542822
19745746
18456533
19582262
19695699
19741096
19464623
9981412
19266532
2799172
2542822
1384867
14955772
19616898
18872379
19064173
5510052
9826582
19413982
19594410
18400373
18747058
18385505
19582942
17094352
359195
19033956
18441790
727718
18462953
19109357
19749390
19569154
18747437
17934512
1261155
19517153
19456233
8822952
19654199
3998072
18209433
18716649
19561246
19735832
19466115
18346625
19777490
19097290
19134263
19348096
2691002
19001972
11864292
15129412
19174681
18820987
16085052
18452429
14825612
18870022
19054430
14773322
17693122
1657407
18735445
19658772
18865892
19181885
18911520
19313363
18635295
18680006
19034854
1653184
19076269
18696503
18912315
19205950
14616192
18739146
2452322
19450770
11302592
19042199
19616692
4747362
19305792
18511699
16578332
19773370
18591414
19832894
19137011
18552487
18292048
19520165
8115922
1374721
18234885
18526847
3772042
19367482
3138722
19024047
13832962
18795848
16465902
2786422
19276105
12790222
19540784
19172100
9343062
15333262
19571102
16138472
8469712
19630917
1794559
19129238
15226232
19666717
18281552
18434635
16612182
17470992
